1  a  6  0.0128712871  9  0.0163511188  6  0.0123339658  0  -inf
2  about  0  0.0009900990  2  0.0043029260  1  0.0028462998  0  -inf
3  accept  0  0.0009900990  0  0.0008605852  1  0.0028462998  0  -inf
4  access  0  0.0009900990  0  0.0008605852  2  0.0047438330  0  -inf
5  activity  0  0.0009900990  0  0.0008605852  1  0.0028462998  0  -inf
6  actuator  1  0.0029702970  0  0.0008605852  0  0.0009487666  0  -inf
7  add  0  0.0009900990  0  0.0008605852  1  0.0028462998  0  -inf
8  address  0  0.0009900990  0  0.0008605852  1  0.0028462998  0  -inf
9  advise  0  0.0009900990  1  0.0025817556  0  0.0009487666  0  -inf
10  again  0  0.0009900990  1  0.0025817556  0  0.0009487666  0  -inf
11  agenices  0  0.0009900990  1  0.0025817556  0  0.0009487666  0  -inf
12  aggregate  0  0.0009900990  0  0.0008605852  1  0.0028462998  0  -inf
13  ai  1  0.0029702970  0  0.0008605852  0  0.0009487666  0  -inf
14  airbnb  1  0.0029702970  0  0.0008605852  0  0.0009487666  0  -inf
15  airport  1  0.0029702970  0  0.0008605852  0  0.0009487666  0  -inf
16  alexa  1  0.0029702970  0  0.0008605852  1  0.0028462998  0  -inf
17  almost  1  0.0029702970  0  0.0008605852  0  0.0009487666  0  -inf
18  amazon  1  0.0029702970  0  0.0008605852  0  0.0009487666  0  -inf
19  amicus  1  0.0029702970  0  0.0008605852  0  0.0009487666  0  -inf
20  among  0  0.0009900990  1  0.0025817556  0  0.0009487666  0  -inf
21  an  4  0.0089108911  0  0.0008605852  0  0.0009487666  0  -inf
22  and  6  0.0128712871  3  0.0060240964  5  0.0104364326  0  -inf
23  any  0  0.0009900990  0  0.0008605852  1  0.0028462998  0  -inf
24  anything  1  0.0029702970  0  0.0008605852  0  0.0009487666  0  -inf
25  api  0  0.0009900990  1  0.0025817556  2  0.0047438330  0  -inf
26  apollo  0  0.0009900990  0  0.0008605852  1  0.0028462998  0  -inf
27  app  1  0.0029702970  0  0.0008605852  0  0.0009487666  0  -inf
28  apps  0  0.0009900990  0  0.0008605852  1  0.0028462998  0  -inf
29  arbitrage  0  0.0009900990  0  0.0008605852  1  0.0028462998  0  -inf
30  area  0  0.0009900990  1  0.0025817556  0  0.0009487666  0  -inf
31  arista  1  0.0029702970  0  0.0008605852  0  0.0009487666  0  -inf
32  around  1  0.0029702970  0  0.0008605852  0  0.0009487666  0  -inf
33  ask  0  0.0009900990  33  0.0576592083  1  0.0028462998  0  -inf
34  assistant  1  0.0029702970  0  0.0008605852  0  0.0009487666  0  -inf
35  asteroid  1  0.0029702970  0  0.0008605852  0  0.0009487666  0  -inf
36  attack  0  0.0009900990  1  0.0025817556  0  0.0009487666  0  -inf
37  attract  1  0.0029702970  0  0.0008605852  0  0.0009487666  0  -inf
38  author  0  0.0009900990  1  0.0025817556  0  0.0009487666  0  -inf
39  aws  2  0.0049504950  1  0.0025817556  0  0.0009487666  0  -inf
40  bait  0  0.0009900990  1  0.0025817556  0  0.0009487666  0  -inf
41  bar  1  0.0029702970  0  0.0008605852  0  0.0009487666  0  -inf
42  bare  0  0.0009900990  0  0.0008605852  1  0.0028462998  0  -inf
43  base  0  0.0009900990  0  0.0008605852  1  0.0028462998  0  -inf
44  bash  1  0.0029702970  0  0.0008605852  0  0.0009487666  0  -inf
45  battleship  0  0.0009900990  0  0.0008605852  1  0.0028462998  0  -inf
46  battling  0  0.0009900990  0  0.0008605852  1  0.0028462998  0  -inf
47  bay  0  0.0009900990  1  0.0025817556  0  0.0009487666  0  -inf
48  be  6  0.0128712871  9  0.0163511188  0  0.0009487666  0  -inf
49  beat  1  0.0029702970  0  0.0008605852  0  0.0009487666  0  -inf
50  become  0  0.0009900990  1  0.0025817556  0  0.0009487666  0  -inf
51  bias  2  0.0049504950  0  0.0008605852  0  0.0009487666  0  -inf
52  bitcoin  1  0.0029702970  1  0.0025817556  1  0.0028462998  0  -inf
53  blockchain  0  0.0009900990  0  0.0008605852  2  0.0047438330  0  -inf
54  blog  1  0.0029702970  0  0.0008605852  0  0.0009487666  0  -inf
55  blogger  0  0.0009900990  1  0.0025817556  0  0.0009487666  0  -inf
56  boogaloo  1  0.0029702970  0  0.0008605852  0  0.0009487666  0  -inf
57  book  0  0.0009900990  1  0.0025817556  0  0.0009487666  0  -inf
58  bootcamp  0  0.0009900990  0  0.0008605852  1  0.0028462998  0  -inf
59  boxy  0  0.0009900990  0  0.0008605852  1  0.0028462998  0  -inf
60  brainfuck  0  0.0009900990  0  0.0008605852  1  0.0028462998  0  -inf
61  brainfucky  0  0.0009900990  0  0.0008605852  1  0.0028462998  0  -inf
62  breakthrough  1  0.0029702970  0  0.0008605852  0  0.0009487666  0  -inf
63  brief  1  0.0029702970  0  0.0008605852  0  0.0009487666  0  -inf
64  build  1  0.0029702970  0  0.0008605852  0  0.0009487666  0  -inf
65  building  1  0.0029702970  0  0.0008605852  1  0.0028462998  0  -inf
66  built  0  0.0009900990  0  0.0008605852  1  0.0028462998  0  -inf
67  by  2  0.0049504950  1  0.0025817556  0  0.0009487666  0  -inf
68  camera  0  0.0009900990  0  0.0008605852  1  0.0028462998  0  -inf
69  can  1  0.0029702970  4  0.0077452668  0  0.0009487666  0  -inf
70  cant  0  0.0009900990  1  0.0025817556  0  0.0009487666  0  -inf
71  captcha  0  0.0009900990  1  0.0025817556  0  0.0009487666  0  -inf
72  car  1  0.0029702970  0  0.0008605852  0  0.0009487666  0  -inf
73  change  1  0.0029702970  1  0.0025817556  0  0.0009487666  0  -inf
74  changer  1  0.0029702970  0  0.0008605852  0  0.0009487666  0  -inf
75  chat  0  0.0009900990  0  0.0008605852  2  0.0047438330  0  -inf
76  chicken  1  0.0029702970  0  0.0008605852  0  0.0009487666  0  -inf
77  cisco  1  0.0029702970  0  0.0008605852  0  0.0009487666  0  -inf
78  class  1  0.0029702970  0  0.0008605852  0  0.0009487666  0  -inf
79  cli  0  0.0009900990  0  0.0008605852  1  0.0028462998  0  -inf
80  click  0  0.0009900990  1  0.0025817556  0  0.0009487666  0  -inf
81  client  0  0.0009900990  1  0.0025817556  2  0.0047438330  0  -inf
82  code  0  0.0009900990  1  0.0025817556  0  0.0009487666  0  -inf
83  come  1  0.0029702970  0  0.0008605852  0  0.0009487666  0  -inf
84  community  1  0.0029702970  1  0.0025817556  0  0.0009487666  0  -inf
85  companion  0  0.0009900990  0  0.0008605852  1  0.0028462998  0  -inf
86  company  0  0.0009900990  1  0.0025817556  0  0.0009487666  0  -inf
87  compile  1  0.0029702970  0  0.0008605852  0  0.0009487666  0  -inf
88  component  0  0.0009900990  0  0.0008605852  1  0.0028462998  0  -inf
89  computer  1  0.0029702970  1  0.0025817556  0  0.0009487666  0  -inf
90  conservancy  1  0.0029702970  0  0.0008605852  0  0.0009487666  0  -inf
91  consider  0  0.0009900990  1  0.0025817556  0  0.0009487666  0  -inf
92  contributor  1  0.0029702970  0  0.0008605852  0  0.0009487666  0  -inf
93  could  2  0.0049504950  0  0.0008605852  0  0.0009487666  0  -inf
94  cover  0  0.0009900990  1  0.0025817556  0  0.0009487666  0  -inf
95  cqrs  1  0.0029702970  0  0.0008605852  0  0.0009487666  0  -inf
96  crypto  0  0.0009900990  0  0.0008605852  1  0.0028462998  0  -inf
97  cryptocurrencies  1  0.0029702970  0  0.0008605852  0  0.0009487666  0  -inf
98  cryptocurrency  0  0.0009900990  0  0.0008605852  1  0.0028462998  0  -inf
99  cs  1  0.0029702970  1  0.0025817556  2  0.0047438330  0  -inf
100  curvesbitcoin  0  0.0009900990  0  0.0008605852  1  0.0028462998  0  -inf
101  data  0  0.0009900990  1  0.0025817556  3  0.0066413662  0  -inf
102  database  0  0.0009900990  2  0.0043029260  0  0.0009487666  0  -inf
103  date  0  0.0009900990  0  0.0008605852  1  0.0028462998  0  -inf
104  dateomatic  0  0.0009900990  0  0.0008605852  1  0.0028462998  0  -inf
105  day  1  0.0029702970  0  0.0008605852  0  0.0009487666  0  -inf
106  dc  1  0.0029702970  0  0.0008605852  0  0.0009487666  0  -inf
107  debate  1  0.0029702970  0  0.0008605852  0  0.0009487666  0  -inf
108  december  1  0.0029702970  0  0.0008605852  0  0.0009487666  0  -inf
109  decentralize  0  0.0009900990  0  0.0008605852  3  0.0066413662  0  -inf
110  delivery  1  0.0029702970  0  0.0008605852  0  0.0009487666  0  -inf
111  deploy  0  0.0009900990  1  0.0025817556  0  0.0009487666  0  -inf
112  designer  0  0.0009900990  0  0.0008605852  1  0.0028462998  0  -inf
113  desktop  1  0.0029702970  0  0.0008605852  1  0.0028462998  0  -inf
114  determine  0  0.0009900990  1  0.0025817556  0  0.0009487666  0  -inf
115  develop  1  0.0029702970  0  0.0008605852  0  0.0009487666  0  -inf
116  digital  2  0.0049504950  0  0.0008605852  0  0.0009487666  0  -inf
117  dinner  1  0.0029702970  0  0.0008605852  0  0.0009487666  0  -inf
118  dino  0  0.0009900990  0  0.0008605852  1  0.0028462998  0  -inf
119  discover  0  0.0009900990  0  0.0008605852  1  0.0028462998  0  -inf
120  discus  0  0.0009900990  1  0.0025817556  0  0.0009487666  0  -inf
121  display  1  0.0029702970  0  0.0008605852  0  0.0009487666  0  -inf
122  do  1  0.0029702970  12  0.0215146299  0  0.0009487666  0  -inf
123  doc  0  0.0009900990  0  0.0008605852  1  0.0028462998  0  -inf
124  download  1  0.0029702970  0  0.0008605852  0  0.0009487666  0  -inf
125  dozen  0  0.0009900990  1  0.0025817556  0  0.0009487666  0  -inf
126  driven  1  0.0029702970  0  0.0008605852  0  0.0009487666  0  -inf
127  drug  0  0.0009900990  1  0.0025817556  0  0.0009487666  0  -inf
128  dynamic  0  0.0009900990  0  0.0008605852  1  0.0028462998  0  -inf
129  editor  1  0.0029702970  0  0.0008605852  1  0.0028462998  0  -inf
130  egg  1  0.0029702970  0  0.0008605852  0  0.0009487666  0  -inf
131  else  0  0.0009900990  1  0.0025817556  0  0.0009487666  0  -inf
132  email  0  0.0009900990  0  0.0008605852  1  0.0028462998  0  -inf
133  embarassing  0  0.0009900990  0  0.0008605852  1  0.0028462998  0  -inf
134  embody  1  0.0029702970  0  0.0008605852  0  0.0009487666  0  -inf
135  eng  0  0.0009900990  1  0.0025817556  0  0.0009487666  0  -inf
136  engineer  0  0.0009900990  1  0.0025817556  0  0.0009487666  0  -inf
137  enlarge  0  0.0009900990  0  0.0008605852  1  0.0028462998  0  -inf
138  etherbots  0  0.0009900990  0  0.0008605852  1  0.0028462998  0  -inf
139  ethereum  1  0.0029702970  0  0.0008605852  2  0.0047438330  0  -inf
140  evaluation  0  0.0009900990  0  0.0008605852  1  0.0028462998  0  -inf
141  ever  0  0.0009900990  1  0.0025817556  0  0.0009487666  0  -inf
142  feedback  1  0.0029702970  0  0.0008605852  0  0.0009487666  0  -inf
143  feel  0  0.0009900990  1  0.0025817556  0  0.0009487666  0  -inf
144  field  0  0.0009900990  1  0.0025817556  0  0.0009487666  0  -inf
145  file  1  0.0029702970  0  0.0008605852  0  0.0009487666  0  -inf
146  finally  1  0.0029702970  0  0.0008605852  0  0.0009487666  0  -inf
147  finance  1  0.0029702970  0  0.0008605852  0  0.0009487666  0  -inf
148  find  0  0.0009900990  1  0.0025817556  0  0.0009487666  0  -inf
149  first  1  0.0029702970  0  0.0008605852  0  0.0009487666  0  -inf
150  fishing  1  0.0029702970  0  0.0008605852  0  0.0009487666  0  -inf
151  flexe  1  0.0029702970  0  0.0008605852  0  0.0009487666  0  -inf
152  for  6  0.0128712871  5  0.0094664372  5  0.0104364326  0  -inf
153  form  0  0.0009900990  1  0.0025817556  0  0.0009487666  0  -inf
154  foundation  1  0.0029702970  0  0.0008605852  0  0.0009487666  0  -inf
155  framework  0  0.0009900990  1  0.0025817556  1  0.0028462998  0  -inf
156  free  0  0.0009900990  1  0.0025817556  1  0.0028462998  0  -inf
157  friend  0  0.0009900990  1  0.0025817556  0  0.0009487666  0  -inf
158  friendly  0  0.0009900990  0  0.0008605852  1  0.0028462998  0  -inf
159  from  0  0.0009900990  2  0.0043029260  2  0.0047438330  0  -inf
160  function  1  0.0029702970  0  0.0008605852  1  0.0028462998  0  -inf
161  fund  1  0.0029702970  0  0.0008605852  0  0.0009487666  0  -inf
162  future  1  0.0029702970  1  0.0025817556  0  0.0009487666  0  -inf
163  game  1  0.0029702970  0  0.0008605852  2  0.0047438330  0  -inf
164  gdax  0  0.0009900990  0  0.0008605852  1  0.0028462998  0  -inf
165  generator  0  0.0009900990  0  0.0008605852  1  0.0028462998  0  -inf
166  get  0  0.0009900990  0  0.0008605852  1  0.0028462998  0  -inf
167  github  0  0.0009900990  1  0.0025817556  1  0.0028462998  0  -inf
168  gitlab  0  0.0009900990  1  0.0025817556  0  0.0009487666  0  -inf
169  go  1  0.0029702970  0  0.0008605852  0  0.0009487666  0  -inf
170  goal  1  0.0029702970  0  0.0008605852  0  0.0009487666  0  -inf
171  good  0  0.0009900990  1  0.0025817556  0  0.0009487666  0  -inf
172  google  2  0.0049504950  1  0.0025817556  0  0.0009487666  0  -inf
173  graph  0  0.0009900990  1  0.0025817556  0  0.0009487666  0  -inf
174  graphic  1  0.0029702970  0  0.0008605852  0  0.0009487666  0  -inf
175  graphql  0  0.0009900990  0  0.0008605852  1  0.0028462998  0  -inf
176  grid  0  0.0009900990  0  0.0008605852  1  0.0028462998  0  -inf
177  grow  0  0.0009900990  1  0.0025817556  0  0.0009487666  0  -inf
178  guest  0  0.0009900990  0  0.0008605852  1  0.0028462998  0  -inf
179  hacker  1  0.0029702970  0  0.0008605852  0  0.0009487666  0  -inf
180  handy  1  0.0029702970  0  0.0008605852  0  0.0009487666  0  -inf
181  happen  1  0.0029702970  0  0.0008605852  0  0.0009487666  0  -inf
182  hardware  0  0.0009900990  1  0.0025817556  0  0.0009487666  0  -inf
183  hear  1  0.0029702970  0  0.0008605852  0  0.0009487666  0  -inf
184  help  1  0.0029702970  1  0.0025817556  1  0.0028462998  0  -inf
185  hijack  1  0.0029702970  0  0.0008605852  0  0.0009487666  0  -inf
186  hire  0  0.0009900990  1  0.0025817556  0  0.0009487666  0  -inf
187  historical  0  0.0009900990  1  0.0025817556  0  0.0009487666  0  -inf
188  hn  0  0.0009900990  34  0.0593803787  33  0.0635673624  0  -inf
189  hook  0  0.0009900990  0  0.0008605852  1  0.0028462998  0  -inf
190  how  2  0.0049504950  12  0.0215146299  1  0.0028462998  0  -inf
191  html  0  0.0009900990  0  0.0008605852  1  0.0028462998  0  -inf
192  http  0  0.0009900990  0  0.0008605852  1  0.0028462998  0  -inf
193  human  1  0.0029702970  0  0.0008605852  0  0.0009487666  0  -inf
194  hydrogen  1  0.0029702970  0  0.0008605852  0  0.0009487666  0  -inf
195  hyperapp  0  0.0009900990  0  0.0008605852  1  0.0028462998  0  -inf
196  i  2  0.0049504950  5  0.0094664372  1  0.0028462998  0  -inf
197  if  0  0.0009900990  2  0.0043029260  0  0.0009487666  0  -inf
198  iii  1  0.0029702970  0  0.0008605852  0  0.0009487666  0  -inf
199  im  0  0.0009900990  1  0.0025817556  0  0.0009487666  0  -inf
200  image  0  0.0009900990  0  0.0008605852  2  0.0047438330  0  -inf
201  implementation  0  0.0009900990  0  0.0008605852  1  0.0028462998  0  -inf
202  important  0  0.0009900990  1  0.0025817556  0  0.0009487666  0  -inf
203  improve  0  0.0009900990  1  0.0025817556  0  0.0009487666  0  -inf
204  in  5  0.0108910891  4  0.0077452668  2  0.0047438330  0  -inf
205  include  0  0.0009900990  1  0.0025817556  0  0.0009487666  0  -inf
206  india  1  0.0029702970  0  0.0008605852  0  0.0009487666  0  -inf
207  information  0  0.0009900990  1  0.0025817556  0  0.0009487666  0  -inf
208  insecure  0  0.0009900990  1  0.0025817556  0  0.0009487666  0  -inf
209  install  1  0.0029702970  0  0.0008605852  0  0.0009487666  0  -inf
210  interest  0  0.0009900990  1  0.0025817556  0  0.0009487666  0  -inf
211  interpreter  0  0.0009900990  0  0.0008605852  1  0.0028462998  0  -inf
212  intersection  1  0.0029702970  0  0.0008605852  0  0.0009487666  0  -inf
213  interstellar  1  0.0029702970  0  0.0008605852  0  0.0009487666  0  -inf
214  interview  0  0.0009900990  1  0.0025817556  0  0.0009487666  0  -inf
215  into  0  0.0009900990  0  0.0008605852  2  0.0047438330  0  -inf
216  introduce  1  0.0029702970  0  0.0008605852  1  0.0028462998  0  -inf
217  io  0  0.0009900990  0  0.0008605852  2  0.0047438330  0  -inf
218  ip  0  0.0009900990  1  0.0025817556  0  0.0009487666  0  -inf
219  ipfs  0  0.0009900990  0  0.0008605852  1  0.0028462998  0  -inf
220  it  3  0.0069306931  4  0.0077452668  0  0.0009487666  0  -inf
221  j  0  0.0009900990  0  0.0008605852  1  0.0028462998  0  -inf
222  javascript  0  0.0009900990  0  0.0008605852  2  0.0047438330  0  -inf
223  jdk  1  0.0029702970  0  0.0008605852  0  0.0009487666  0  -inf
224  job  1  0.0029702970  1  0.0025817556  0  0.0009487666  0  -inf
225  join  1  0.0029702970  0  0.0008605852  0  0.0009487666  0  -inf
226  junior  0  0.0009900990  1  0.0025817556  0  0.0009487666  0  -inf
227  kde  1  0.0029702970  0  0.0008605852  0  0.0009487666  0  -inf
228  keep  0  0.0009900990  1  0.0025817556  0  0.0009487666  0  -inf
229  key  0  0.0009900990  1  0.0025817556  0  0.0009487666  0  -inf
230  keylogger  0  0.0009900990  0  0.0008605852  1  0.0028462998  0  -inf
231  know  0  0.0009900990  1  0.0025817556  0  0.0009487666  0  -inf
232  kraken  0  0.0009900990  0  0.0008605852  1  0.0028462998  0  -inf
233  kubernetes  1  0.0029702970  0  0.0008605852  0  0.0009487666  0  -inf
234  label  0  0.0009900990  0  0.0008605852  1  0.0028462998  0  -inf
235  lambda  1  0.0029702970  0  0.0008605852  0  0.0009487666  0  -inf
236  laravel  1  0.0029702970  0  0.0008605852  0  0.0009487666  0  -inf
237  layout  0  0.0009900990  0  0.0008605852  1  0.0028462998  0  -inf
238  league  0  0.0009900990  0  0.0008605852  1  0.0028462998  0  -inf
239  learn  0  0.0009900990  0  0.0008605852  1  0.0028462998  0  -inf
240  learnt  1  0.0029702970  0  0.0008605852  0  0.0009487666  0  -inf
241  least  0  0.0009900990  1  0.0025817556  0  0.0009487666  0  -inf
242  legal  1  0.0029702970  0  0.0008605852  0  0.0009487666  0  -inf
243  lending  0  0.0009900990  0  0.0008605852  1  0.0028462998  0  -inf
244  library  1  0.0029702970  1  0.0025817556  2  0.0047438330  0  -inf
245  like  0  0.0009900990  1  0.0025817556  0  0.0009487666  0  -inf
246  listing  0  0.0009900990  0  0.0008605852  1  0.0028462998  0  -inf
247  locationbased  0  0.0009900990  0  0.0008605852  1  0.0028462998  0  -inf
248  look  0  0.0009900990  1  0.0025817556  0  0.0009487666  0  -inf
249  lose  1  0.0029702970  0  0.0008605852  1  0.0028462998  0  -inf
250  love  1  0.0029702970  0  0.0008605852  0  0.0009487666  0  -inf
251  low  0  0.0009900990  1  0.0025817556  0  0.0009487666  0  -inf
252  lynch  1  0.0029702970  0  0.0008605852  0  0.0009487666  0  -inf
253  machine  0  0.0009900990  0  0.0008605852  1  0.0028462998  0  -inf
254  manage  0  0.0009900990  1  0.0025817556  1  0.0028462998  0  -inf
255  manager  0  0.0009900990  1  0.0025817556  0  0.0009487666  0  -inf
256  map  0  0.0009900990  0  0.0008605852  1  0.0028462998  0  -inf
257  marketer  0  0.0009900990  0  0.0008605852  1  0.0028462998  0  -inf
258  marketplace  1  0.0029702970  0  0.0008605852  0  0.0009487666  0  -inf
259  mass  1  0.0029702970  0  0.0008605852  0  0.0009487666  0  -inf
260  me  0  0.0009900990  1  0.0025817556  0  0.0009487666  0  -inf
261  mediaindividual  0  0.0009900990  1  0.0025817556  0  0.0009487666  0  -inf
262  merrill  1  0.0029702970  0  0.0008605852  0  0.0009487666  0  -inf
263  metal  0  0.0009900990  0  0.0008605852  1  0.0028462998  0  -inf
264  microservices  0  0.0009900990  1  0.0025817556  0  0.0009487666  0  -inf
265  microwave  1  0.0029702970  0  0.0008605852  0  0.0009487666  0  -inf
266  mind  1  0.0029702970  0  0.0008605852  0  0.0009487666  0  -inf
267  mindless  0  0.0009900990  0  0.0008605852  1  0.0028462998  0  -inf
268  minister  1  0.0029702970  0  0.0008605852  0  0.0009487666  0  -inf
269  minute  1  0.0029702970  0  0.0008605852  0  0.0009487666  0  -inf
270  mirai  1  0.0029702970  0  0.0008605852  0  0.0009487666  0  -inf
271  ml  0  0.0009900990  1  0.0025817556  0  0.0009487666  0  -inf
272  mobile  1  0.0029702970  0  0.0008605852  0  0.0009487666  0  -inf
273  mockttp  0  0.0009900990  0  0.0008605852  1  0.0028462998  0  -inf
274  modern  0  0.0009900990  0  0.0008605852  1  0.0028462998  0  -inf
275  most  0  0.0009900990  1  0.0025817556  0  0.0009487666  0  -inf
276  much  0  0.0009900990  1  0.0025817556  0  0.0009487666  0  -inf
277  multi  1  0.0029702970  0  0.0008605852  0  0.0009487666  0  -inf
278  my  0  0.0009900990  3  0.0060240964  1  0.0028462998  0  -inf
279  myself  0  0.0009900990  1  0.0025817556  0  0.0009487666  0  -inf
280  name  0  0.0009900990  1  0.0025817556  0  0.0009487666  0  -inf
281  national  1  0.0029702970  0  0.0008605852  0  0.0009487666  0  -inf
282  nearby  0  0.0009900990  0  0.0008605852  1  0.0028462998  0  -inf
283  need  0  0.0009900990  1  0.0025817556  0  0.0009487666  0  -inf
284  new  3  0.0069306931  0  0.0008605852  0  0.0009487666  0  -inf
285  news  0  0.0009900990  1  0.0025817556  0  0.0009487666  0  -inf
286  nobody  1  0.0029702970  0  0.0008605852  0  0.0009487666  0  -inf
287  not  2  0.0049504950  0  0.0008605852  0  0.0009487666  0  -inf
288  now  1  0.0029702970  0  0.0008605852  0  0.0009487666  0  -inf
289  npm  1  0.0029702970  0  0.0008605852  0  0.0009487666  0  -inf
290  o  0  0.0009900990  0  0.0008605852  1  0.0028462998  0  -inf
291  o_o  1  0.0029702970  0  0.0008605852  0  0.0009487666  0  -inf
292  observer  1  0.0029702970  0  0.0008605852  0  0.0009487666  0  -inf
293  odd  0  0.0009900990  1  0.0025817556  0  0.0009487666  0  -inf
294  of  4  0.0089108911  4  0.0077452668  2  0.0047438330  0  -inf
295  old  0  0.0009900990  1  0.0025817556  0  0.0009487666  0  -inf
296  on  1  0.0029702970  1  0.0025817556  4  0.0085388994  0  -inf
297  onboarding  1  0.0029702970  0  0.0008605852  0  0.0009487666  0  -inf
298  online  1  0.0029702970  0  0.0008605852  0  0.0009487666  0  -inf
299  only  1  0.0029702970  0  0.0008605852  0  0.0009487666  0  -inf
300  open  2  0.0049504950  0  0.0008605852  0  0.0009487666  0  -inf
301  openfaas  0  0.0009900990  0  0.0008605852  1  0.0028462998  0  -inf
302  or  0  0.0009900990  1  0.0025817556  0  0.0009487666  0  -inf
303  oumuamua  1  0.0029702970  0  0.0008605852  0  0.0009487666  0  -inf
304  our  1  0.0029702970  0  0.0008605852  0  0.0009487666  0  -inf
305  outdoorsin  0  0.0009900990  1  0.0025817556  0  0.0009487666  0  -inf
306  over  0  0.0009900990  0  0.0008605852  1  0.0028462998  0  -inf
307  packer  0  0.0009900990  0  0.0008605852  1  0.0028462998  0  -inf
308  pacoin  0  0.0009900990  1  0.0025817556  0  0.0009487666  0  -inf
309  painting  1  0.0029702970  0  0.0008605852  0  0.0009487666  0  -inf
310  part  1  0.0029702970  0  0.0008605852  0  0.0009487666  0  -inf
311  patent  1  0.0029702970  0  0.0008605852  0  0.0009487666  0  -inf
312  path  1  0.0029702970  0  0.0008605852  0  0.0009487666  0  -inf
313  pay  0  0.0009900990  1  0.0025817556  0  0.0009487666  0  -inf
314  payment  0  0.0009900990  0  0.0008605852  1  0.0028462998  0  -inf
315  pdf  1  0.0029702970  0  0.0008605852  1  0.0028462998  0  -inf
316  peertopeer  1  0.0029702970  0  0.0008605852  0  0.0009487666  0  -inf
317  performance  1  0.0029702970  0  0.0008605852  0  0.0009487666  0  -inf
318  place  0  0.0009900990  0  0.0008605852  1  0.0028462998  0  -inf
319  plan  1  0.0029702970  0  0.0008605852  0  0.0009487666  0  -inf
320  planet  0  0.0009900990  0  0.0008605852  1  0.0028462998  0  -inf
321  playcryptogame  0  0.0009900990  0  0.0008605852  1  0.0028462998  0  -inf
322  please  0  0.0009900990  1  0.0025817556  0  0.0009487666  0  -inf
323  podcast  0  0.0009900990  0  0.0008605852  1  0.0028462998  0  -inf
324  podfio  0  0.0009900990  0  0.0008605852  1  0.0028462998  0  -inf
325  possible  1  0.0029702970  0  0.0008605852  0  0.0009487666  0  -inf
326  post  0  0.0009900990  0  0.0008605852  1  0.0028462998  0  -inf
327  powerfour  0  0.0009900990  0  0.0008605852  1  0.0028462998  0  -inf
328  powerful  0  0.0009900990  0  0.0008605852  1  0.0028462998  0  -inf
329  prepare  0  0.0009900990  1  0.0025817556  0  0.0009487666  0  -inf
330  primarily  0  0.0009900990  1  0.0025817556  0  0.0009487666  0  -inf
331  problem  1  0.0029702970  1  0.0025817556  0  0.0009487666  0  -inf
332  product  0  0.0009900990  1  0.0025817556  0  0.0009487666  0  -inf
333  production  1  0.0029702970  1  0.0025817556  0  0.0009487666  0  -inf
334  program  0  0.0009900990  1  0.0025817556  1  0.0028462998  0  -inf
335  project  0  0.0009900990  1  0.0025817556  0  0.0009487666  0  -inf
336  protect  0  0.0009900990  1  0.0025817556  0  0.0009487666  0  -inf
337  provision  0  0.0009900990  1  0.0025817556  0  0.0009487666  0  -inf
338  psychosis  1  0.0029702970  0  0.0008605852  0  0.0009487666  0  -inf
339  pure  0  0.0009900990  0  0.0008605852  1  0.0028462998  0  -inf
340  pursue  1  0.0029702970  0  0.0008605852  0  0.0009487666  0  -inf
341  python  0  0.0009900990  0  0.0008605852  3  0.0066413662  0  -inf
342  qemuimg  0  0.0009900990  0  0.0008605852  1  0.0028462998  0  -inf
343  quality  0  0.0009900990  1  0.0025817556  1  0.0028462998  0  -inf
344  quantify  0  0.0009900990  0  0.0008605852  1  0.0028462998  0  -inf
345  question  0  0.0009900990  1  0.0025817556  0  0.0009487666  0  -inf
346  race  0  0.0009900990  0  0.0008605852  2  0.0047438330  0  -inf
347  rat  1  0.0029702970  0  0.0008605852  0  0.0009487666  0  -inf
348  react  0  0.0009900990  0  0.0008605852  3  0.0066413662  0  -inf
349  realtime  0  0.0009900990  0  0.0008605852  1  0.0028462998  0  -inf
350  recruit  0  0.0009900990  1  0.0025817556  0  0.0009487666  0  -inf
351  referer  0  0.0009900990  1  0.0025817556  0  0.0009487666  0  -inf
352  related  0  0.0009900990  1  0.0025817556  0  0.0009487666  0  -inf
353  relax  0  0.0009900990  0  0.0008605852  1  0.0028462998  0  -inf
354  releasesdeployments  0  0.0009900990  1  0.0025817556  0  0.0009487666  0  -inf
355  reliable  0  0.0009900990  1  0.0025817556  0  0.0009487666  0  -inf
356  remote  0  0.0009900990  0  0.0008605852  1  0.0028462998  0  -inf
357  resource  0  0.0009900990  1  0.0025817556  0  0.0009487666  0  -inf
358  reveal  1  0.0029702970  0  0.0008605852  0  0.0009487666  0  -inf
359  robot  0  0.0009900990  0  0.0008605852  1  0.0028462998  0  -inf
360  roll  0  0.0009900990  0  0.0008605852  1  0.0028462998  0  -inf
361  roundup  1  0.0029702970  0  0.0008605852  0  0.0009487666  0  -inf
362  rsaelliptic  0  0.0009900990  0  0.0008605852  1  0.0028462998  0  -inf
363  s  2  0.0049504950  0  0.0008605852  0  0.0009487666  0  -inf
364  saas  0  0.0009900990  0  0.0008605852  1  0.0028462998  0  -inf
365  salary  0  0.0009900990  1  0.0025817556  0  0.0009487666  0  -inf
366  science  0  0.0009900990  1  0.0025817556  0  0.0009487666  0  -inf
367  screeny  0  0.0009900990  0  0.0008605852  1  0.0028462998  0  -inf
368  seagate  1  0.0029702970  0  0.0008605852  0  0.0009487666  0  -inf
369  search  0  0.0009900990  1  0.0025817556  0  0.0009487666  0  -inf
370  secret  0  0.0009900990  1  0.0025817556  0  0.0009487666  0  -inf
371  sector  0  0.0009900990  1  0.0025817556  0  0.0009487666  0  -inf
372  sense  0  0.0009900990  0  0.0008605852  1  0.0028462998  0  -inf
373  seqeval  0  0.0009900990  0  0.0008605852  1  0.0028462998  0  -inf
374  sequence  0  0.0009900990  0  0.0008605852  1  0.0028462998  0  -inf
375  setting  0  0.0009900990  1  0.0025817556  0  0.0009487666  0  -inf
376  shipping  1  0.0029702970  0  0.0008605852  0  0.0009487666  0  -inf
377  shortener  1  0.0029702970  0  0.0008605852  0  0.0009487666  0  -inf
378  show  0  0.0009900990  0  0.0008605852  33  0.0635673624  0  -inf
379  silent  0  0.0009900990  1  0.0025817556  0  0.0009487666  0  -inf
380  sketchpad  1  0.0029702970  0  0.0008605852  0  0.0009487666  0  -inf
381  small  0  0.0009900990  1  0.0025817556  0  0.0009487666  0  -inf
382  snoop  1  0.0029702970  0  0.0008605852  0  0.0009487666  0  -inf
383  so  0  0.0009900990  1  0.0025817556  0  0.0009487666  0  -inf
384  software  0  0.0009900990  2  0.0043029260  0  0.0009487666  0  -inf
385  solution  0  0.0009900990  1  0.0025817556  0  0.0009487666  0  -inf
386  sooner  1  0.0029702970  0  0.0008605852  0  0.0009487666  0  -inf
387  source  2  0.0049504950  1  0.0025817556  1  0.0028462998  0  -inf
388  spot  0  0.0009900990  1  0.0025817556  0  0.0009487666  0  -inf
389  startup  0  0.0009900990  3  0.0060240964  0  0.0009487666  0  -inf
390  state  1  0.0029702970  0  0.0008605852  0  0.0009487666  0  -inf
391  statuspage  0  0.0009900990  0  0.0008605852  1  0.0028462998  0  -inf
392  straight  1  0.0029702970  0  0.0008605852  0  0.0009487666  0  -inf
393  streamline  1  0.0029702970  0  0.0008605852  0  0.0009487666  0  -inf
394  stuck  0  0.0009900990  1  0.0025817556  0  0.0009487666  0  -inf
395  success  0  0.0009900990  1  0.0025817556  0  0.0009487666  0  -inf
396  suggestion  0  0.0009900990  1  0.0025817556  0  0.0009487666  0  -inf
397  surprised  0  0.0009900990  1  0.0025817556  0  0.0009487666  0  -inf
398  svg  0  0.0009900990  0  0.0008605852  1  0.0028462998  0  -inf
399  sw  0  0.0009900990  1  0.0025817556  0  0.0009487666  0  -inf
400  tailwind  1  0.0029702970  0  0.0008605852  0  0.0009487666  0  -inf
401  teach  0  0.0009900990  1  0.0025817556  0  0.0009487666  0  -inf
402  tech  1  0.0029702970  2  0.0043029260  0  0.0009487666  0  -inf
403  technology  2  0.0049504950  0  0.0008605852  0  0.0009487666  0  -inf
404  template  0  0.0009900990  0  0.0008605852  1  0.0028462998  0  -inf
405  ten  1  0.0029702970  0  0.0008605852  0  0.0009487666  0  -inf
406  tender  1  0.0029702970  0  0.0008605852  0  0.0009487666  0  -inf
407  terminal  1  0.0029702970  0  0.0008605852  0  0.0009487666  0  -inf
408  tesla  1  0.0029702970  0  0.0008605852  0  0.0009487666  0  -inf
409  test  0  0.0009900990  0  0.0008605852  1  0.0028462998  0  -inf
410  than  1  0.0029702970  0  0.0008605852  0  0.0009487666  0  -inf
411  that  0  0.0009900990  2  0.0043029260  1  0.0028462998  0  -inf
412  the  7  0.0148514851  4  0.0077452668  2  0.0047438330  0  -inf
413  them  0  0.0009900990  1  0.0025817556  0  0.0009487666  0  -inf
414  think  1  0.0029702970  0  0.0008605852  0  0.0009487666  0  -inf
415  this  0  0.0009900990  0  0.0008605852  1  0.0028462998  0  -inf
416  thousand  0  0.0009900990  0  0.0008605852  1  0.0028462998  0  -inf
417  tiny  0  0.0009900990  1  0.0025817556  0  0.0009487666  0  -inf
418  title  0  0.0009900990  1  0.0025817556  0  0.0009487666  0  -inf
419  to  6  0.0128712871  6  0.0111876076  3  0.0066413662  0  -inf
420  todo  1  0.0029702970  0  0.0008605852  0  0.0009487666  0  -inf
421  top  1  0.0029702970  0  0.0008605852  0  0.0009487666  0  -inf
422  topic  0  0.0009900990  0  0.0008605852  1  0.0028462998  0  -inf
423  torrent  1  0.0029702970  0  0.0008605852  0  0.0009487666  0  -inf
424  toyota  1  0.0029702970  0  0.0008605852  0  0.0009487666  0  -inf
425  track  0  0.0009900990  2  0.0043029260  0  0.0009487666  0  -inf
426  trading  1  0.0029702970  0  0.0008605852  0  0.0009487666  0  -inf
427  travel  0  0.0009900990  0  0.0008605852  1  0.0028462998  0  -inf
428  turn  0  0.0009900990  0  0.0008605852  1  0.0028462998  0  -inf
429  understand  0  0.0009900990  1  0.0025817556  0  0.0009487666  0  -inf
430  unknown  0  0.0009900990  1  0.0025817556  0  0.0009487666  0  -inf
431  unlimited  0  0.0009900990  0  0.0008605852  1  0.0028462998  0  -inf
432  url  1  0.0029702970  0  0.0008605852  0  0.0009487666  0  -inf
433  usage  1  0.0029702970  0  0.0008605852  0  0.0009487666  0  -inf
434  use  1  0.0029702970  4  0.0077452668  3  0.0066413662  0  -inf
435  user  0  0.0009900990  1  0.0025817556  0  0.0009487666  0  -inf
436  v  1  0.0029702970  1  0.0025817556  1  0.0028462998  0  -inf
437  vector  1  0.0029702970  0  0.0008605852  0  0.0009487666  0  -inf
438  vehicle  1  0.0029702970  0  0.0008605852  0  0.0009487666  0  -inf
439  version  1  0.0029702970  0  0.0008605852  0  0.0009487666  0  -inf
440  virtualbox  0  0.0009900990  0  0.0008605852  1  0.0028462998  0  -inf
441  vuejs  1  0.0029702970  0  0.0008605852  0  0.0009487666  0  -inf
442  vulnerability  0  0.0009900990  1  0.0025817556  0  0.0009487666  0  -inf
443  want  1  0.0029702970  0  0.0008605852  0  0.0009487666  0  -inf
444  war  1  0.0029702970  0  0.0008605852  0  0.0009487666  0  -inf
445  warehouse  1  0.0029702970  0  0.0008605852  0  0.0009487666  0  -inf
446  we  1  0.0029702970  0  0.0008605852  0  0.0009487666  0  -inf
447  web  1  0.0029702970  0  0.0008605852  1  0.0028462998  0  -inf
448  webhooks  0  0.0009900990  0  0.0008605852  1  0.0028462998  0  -inf
449  website  0  0.0009900990  0  0.0008605852  1  0.0028462998  0  -inf
450  week  0  0.0009900990  1  0.0025817556  0  0.0009487666  0  -inf
451  well  0  0.0009900990  0  0.0008605852  2  0.0047438330  0  -inf
452  what  1  0.0029702970  5  0.0094664372  0  0.0009487666  0  -inf
453  wheel  1  0.0029702970  0  0.0008605852  0  0.0009487666  0  -inf
454  when  0  0.0009900990  1  0.0025817556  0  0.0009487666  0  -inf
455  which  0  0.0009900990  1  0.0025817556  0  0.0009487666  0  -inf
456  whitecollar  0  0.0009900990  1  0.0025817556  0  0.0009487666  0  -inf
457  who  1  0.0029702970  0  0.0008605852  0  0.0009487666  0  -inf
458  whois  0  0.0009900990  1  0.0025817556  0  0.0009487666  0  -inf
459  why  0  0.0009900990  2  0.0043029260  0  0.0009487666  0  -inf
460  win  1  0.0029702970  0  0.0008605852  0  0.0009487666  0  -inf
461  wire  0  0.0009900990  0  0.0008605852  1  0.0028462998  0  -inf
462  with  2  0.0049504950  0  0.0008605852  4  0.0085388994  0  -inf
463  without  1  0.0029702970  0  0.0008605852  1  0.0028462998  0  -inf
464  work  0  0.0009900990  2  0.0043029260  0  0.0009487666  0  -inf
465  workflow  0  0.0009900990  1  0.0025817556  0  0.0009487666  0  -inf
466  workout  0  0.0009900990  0  0.0008605852  1  0.0028462998  0  -inf
467  workstation  0  0.0009900990  1  0.0025817556  0  0.0009487666  0  -inf
468  world  1  0.0029702970  0  0.0008605852  0  0.0009487666  0  -inf
469  would  1  0.0029702970  1  0.0025817556  0  0.0009487666  0  -inf
470  write  0  0.0009900990  1  0.0025817556  0  0.0009487666  0  -inf
471  xmpp  0  0.0009900990  0  0.0008605852  1  0.0028462998  0  -inf
472  yet  1  0.0029702970  0  0.0008605852  0  0.0009487666  0  -inf
473  you  1  0.0029702970  9  0.0163511188  1  0.0028462998  0  -inf
474  your  2  0.0049504950  2  0.0043029260  3  0.0066413662  0  -inf
475  youve  0  0.0009900990  2  0.0043029260  0  0.0009487666  0  -inf
476  yummy  0  0.0009900990  0  0.0008605852  1  0.0028462998  0  -inf
